100 6.172E-4 2.145E-4
100 5.523E-4 1.202E-4
100 5.752E-4 2.139E-4
100 2.625E-4 1.744E-4
100 1.307E-4 2.422E-4
200 3.957E-4 4.323E-4
200 3.733E-4 6.138E-4
200 3.747E-4 1.973E-4
200 4.252E-4 1.709E-4
200 5.794E-4 9.32E-5
300 5.348E-4 2.483E-4
300 6.303E-4 2.514E-4
300 6.412E-4 2.057E-4
300 6.333E-4 5.824E-4
300 6.877E-4 4.525E-4
400 8.919E-4 4.265E-4
400 6.104E-4 4.143E-4
400 6.053E-4 4.642E-4
400 6.074E-4 6.213E-4
400 6.069E-4 3.017E-4
500 9.48E-4 4.317E-4
500 9.426E-4 3.341E-4
500 9.38E-4 6.179E-4
500 9.423E-4 3.464E-4
500 9.451E-4 3.306E-4
600 0.00134 9.688E-4
600 0.0013628 7.711E-4
600 0.0013512 4.536E-4
600 0.0013584 7.438E-4
600 0.0013389 7.159E-4
700 0.0018272 0.0013979
700 0.0018345 9.48E-4
700 0.0018328 0.0014807
700 0.0018355 6.648E-4
700 0.0018385 5.756E-4
800 0.002367 8.292E-4
800 0.0024195 7.58E-4
800 0.0025611 7.767E-4
800 0.0024045 9.621E-4
800 0.0023699 0.0016081
900 0.0030192 0.0016275
900 0.0030037 0.0019839
900 0.0029873 0.0010421
900 0.0030436 0.0010387
900 0.0030046 0.0016287
1000 0.0037208 0.0020676
1000 0.0037204 0.0027025
1000 0.0037289 0.0013465
1000 0.0037048 0.0012865
1000 0.0036813 0.0029186
1100 0.0044672 0.0014732
1100 0.0046058 0.0015046
1100 0.0044438 0.0015666
1100 0.0044616 0.0037644
1100 0.0044676 0.0025916
1200 0.0053214 0.001848
1200 0.005323 0.0030381
1200 0.0053129 0.0018493
1200 0.00557 0.0031819
1200 0.0053323 0.0045227
1300 0.0061595 0.0050247
1300 0.0064287 0.0049983
1300 0.0061747 0.0021773
1300 0.0062103 0.0033646
1300 0.0061889 0.0021684
1400 0.0071491 0.00244
1400 0.0071977 0.0024435
1400 0.0072445 0.0024077
1400 0.008079 0.0059372
1400 0.0072629 0.0024292
1500 0.0092338 0.0030814
1500 0.0082894 0.0030318
1500 0.0082581 0.0027315
1500 0.0082213 0.0055446
1500 0.008202 0.0027656
1600 0.0094507 0.0063188
1600 0.0096688 0.0050463
1600 0.009298 0.006154
1600 0.0093453 0.0062562
1600 0.0094631 0.0070073
1700 0.0106219 0.0060527
1700 0.0105893 0.0059329
1700 0.0106194 0.0086516
1700 0.0106821 0.0072646
1700 0.0109378 0.0058607
1800 0.011907 0.0100735
1800 0.0117437 0.0068501
1800 0.0118175 0.008667
1800 0.0123161 0.0043549
1800 0.0118457 0.0039112
1900 0.0132545 0.0072595
1900 0.0136528 0.0102083
1900 0.0132792 0.0098799
1900 0.0134377 0.0043297
1900 0.0131442 0.0045264
2000 0.0146318 0.0100913
2000 0.0148527 0.0049169
2000 0.0146154 0.0116476
2000 0.0152182 0.010326
2000 0.014621 0.0048518
2100 0.0160756 0.0058463
2100 0.0167006 0.0058361
2100 0.0163235 0.011212
2100 0.0163772 0.0109635
2100 0.0170583 0.0123447
2200 0.0187022 0.0063754
2200 0.0190489 0.0065689
2200 0.0178463 0.0062012
2200 0.0179861 0.0097728
2200 0.0176843 0.0058786
2300 0.0193623 0.0107069
2300 0.0193585 0.0107147
2300 0.0195974 0.013421
2300 0.0191693 0.0062382
2300 0.0197857 0.0065352
2400 0.0210649 0.0137942
2400 0.0210552 0.0116788
2400 0.0215074 0.0185594
2400 0.0210427 0.0074723
2400 0.0214284 0.012004
2500 0.0228295 0.0078746
2500 0.023028 0.0151622
2500 0.0226846 0.0080706
2500 0.0274882 0.00816
2500 0.0227699 0.012874
2600 0.0250185 0.0135995
2600 0.0248879 0.0089166
2600 0.0248423 0.0084386
2600 0.0249308 0.0087151
2600 0.0251339 0.0088729
2700 0.026636 0.00944
2700 0.0280366 0.0212978
2700 0.0276065 0.0162672
2700 0.0269602 0.0092106
2700 0.0266462 0.0153813
2800 0.0297529 0.0174739
2800 0.0290464 0.0241397
2800 0.0285365 0.0098932
2800 0.0296382 0.0097788
2800 0.0284933 0.0099888
2900 0.0306054 0.0104672
2900 0.0306079 0.0107861
2900 0.031257 0.018563
2900 0.0308287 0.017215
2900 0.0309595 0.0213373
3000 0.033348 0.0262346
3000 0.0330854 0.0119678
3000 0.0373289 0.0187144
3000 0.0326876 0.0227115
3000 0.0328639 0.027135
3100 0.0349744 0.0118483
3100 0.0351111 0.0127917
3100 0.03526 0.0244062
3100 0.0360599 0.0245263
3100 0.0360246 0.0245486
3200 0.0377806 0.0131795
3200 0.0388484 0.0329988
3200 0.0374692 0.0214718
3200 0.0382704 0.0147916
3200 0.0370211 0.0142594
3300 0.04011 0.0140359
3300 0.0397679 0.0226355
3300 0.0400159 0.0269822
3300 0.0397881 0.0136432
3300 0.0395083 0.0279495
3400 0.0414898 0.024156
3400 0.0455553 0.0150211
3400 0.0423675 0.0293763
3400 0.0426786 0.0321174
3400 0.0441385 0.0318026
3500 0.0445611 0.0339835
3500 0.0467327 0.0251828
3500 0.0452359 0.0318025
3500 0.0465717 0.0325945
3500 0.0453473 0.038731
3600 0.0470851 0.0168459
3600 0.0481246 0.0260738
3600 0.0477346 0.0270678
3600 0.0515588 0.0168185
3600 0.0487554 0.0272029
3700 0.0511423 0.0185819
3700 0.0505405 0.0429907
3700 0.0513282 0.0329344
3700 0.0512966 0.0357829
3700 0.0528027 0.0284793
3800 0.0534609 0.0295682
3800 0.0522328 0.0187352
3800 0.0529787 0.0364422
3800 0.0520785 0.0317886
3800 0.0528833 0.0291679
3900 0.0552609 0.0192787
3900 0.0552236 0.0198719
3900 0.0567141 0.0199882
3900 0.0559274 0.0193612
3900 0.0550357 0.0318452
4000 0.0587178 0.0409723
4000 0.0580918 0.019742
4000 0.059298 0.0204549
4000 0.0586049 0.0206431
4000 0.0594988 0.0499606
4100 0.0699336 0.0421694
4100 0.0609972 0.0502464
4100 0.0610001 0.0346638
4100 0.061512 0.0357778
4100 0.0618063 0.0223512
4200 0.0685871 0.0531755
4200 0.0647911 0.0352543
4200 0.0641432 0.0524379
4200 0.0658313 0.0358795
4200 0.069555 0.0443659
4300 0.0669513 0.0237201
4300 0.0674425 0.0371579
4300 0.0690716 0.0595122
4300 0.076363 0.0615644
4300 0.0692416 0.0522301
4400 0.0715328 0.0491822
4400 0.0716404 0.0261
4400 0.0712634 0.0403781
4400 0.0711376 0.039211
4400 0.0757946 0.0241289
4500 0.0773724 0.0292434
4500 0.0737477 0.0262657
4500 0.0776746 0.0289972
4500 0.0751445 0.0255837
4500 0.0749267 0.0380194
4600 0.0860177 0.0279122
4600 0.0768476 0.0576193
4600 0.0772094 0.0609831
4600 0.0878595 0.0298195
4600 0.0781387 0.0429715
4700 0.0831391 0.0674893
4700 0.0815117 0.0514634
4700 0.0867899 0.0709532
4700 0.0824717 0.0446561
4700 0.0841551 0.0730682
4800 0.0876993 0.0578793
4800 0.089646 0.0659455
4800 0.0854065 0.0287327
4800 0.0849811 0.0508521
4800 0.0883941 0.0299598
4900 0.0912485 0.050758
4900 0.0879409 0.0494971
4900 0.0884674 0.0306495
4900 0.0873875 0.0600423
4900 0.1042121 0.0312777
5000 0.0909859 0.0755369
5000 0.0915984 0.050805
5000 0.0945915 0.0785822
5000 0.0954147 0.0326078
5000 0.0942181 0.0738711
